
No press any :    [0, 0, 15, 128, 128, 128, 128, 0]
Left control pad: [0, 0, 15, 0, 128, 128, 128, 0]
Right control pad:[0, 0, 15, 255, 128, 128, 128, 0]
Up control pad:   [0, 0, 15, 128, 0, 128, 128, 0]
Down control pad: [0, 0, 15, 128, 255, 128, 128, 0]
Yellow:           [2, 0, 15, 128, 128, 128, 128, 0]
Red:              [4, 0, 15, 128, 128, 128, 128, 0]
Green:            [1, 0, 15, 128, 128, 128, 128, 0]
Blue:             [8, 0, 15, 128, 128, 128, 128, 0]
Left trigger pad: [16, 0, 15, 128, 128, 128, 128, 0]
Right trigger pad:[32, 0, 15, 128, 128, 128, 128, 0]
Select:           [0, 1, 15, 128, 128, 128, 128, 0]
Start:            [0, 2, 15, 128, 128, 128, 128, 0]



left+down [0, 0, 15, 0, 255, 128, 128, 0]
left      [0, 0, 15, 0, 128, 128, 128, 0]
down:     [0, 0, 15, 128, 255, 128, 128, 0]



left 4  - 0 
right 4 - 255 
down 5  - 255
up 5    - 0 